377.637	-11.4571
377.836	-10.4872
378.034	-9.5092
378.233	-8.54223
378.432	-7.60487
378.631	-6.71447
378.829	-5.88687
379.028	-5.13607
379.227	-4.47398
379.426	-3.91023
379.624	-3.4521
379.823	-3.10446
380.022	-2.86982
380.221	-2.7484
380.42	-2.7383
380.618	-2.83562
380.817	-3.0347
381.016	-3.3283
381.215	-3.70786
381.413	-4.16371
381.612	-4.6853
381.811	-5.26141
382.01	-5.88035
382.208	-6.5302
382.407	-7.19895
382.606	-7.87469
382.805	-8.54579
383.003	-9.20104
383.202	-9.82978
383.401	-10.422
383.6	-10.9687
383.798	-11.4616
383.997	-11.8936
384.196	-12.2585
384.395	-12.5518
384.593	-12.7698
384.792	-12.9103
384.991	-12.9726
385.19	-12.9573
385.388	-12.8663
385.587	-12.7029
385.786	-12.4717
385.985	-12.1783
386.183	-11.8296
386.382	-11.4333
386.581	-10.9978
386.78	-10.5323
386.978	-10.046
387.177	-9.54859
387.376	-9.04972
387.575	-8.55871
387.773	-8.08451
387.972	-7.6355
388.171	-7.2193
388.37	-6.84267
388.569	-6.51138
388.767	-6.23014
388.966	-6.00254
389.165	-5.83103
389.364	-5.71695
389.562	-5.66049
389.761	-5.66079
389.96	-5.716
390.159	-5.82332
390.357	-5.97916
390.556	-6.17916
390.755	-6.41837
390.954	-6.69131
391.152	-6.99213
391.351	-7.31469
391.55	-7.65265
391.749	-7.99966
391.947	-8.34938
392.146	-8.69561
392.345	-9.0324
392.544	-9.35412
392.742	-9.65557
392.941	-9.93198
393.14	-10.1792
393.339	-10.3935
393.537	-10.5721
393.736	-10.7127
393.935	-10.8137
394.134	-10.8743
394.332	-10.8945
394.531	-10.8748
394.73	-10.8165
394.929	-10.7218
395.127	-10.5931
395.326	-10.4336
395.525	-10.2471
395.724	-10.0375
395.922	-9.80936
396.121	-9.5672
396.32	-9.31584
396.519	-9.06011
396.718	-8.80478
396.916	-8.5545
397.115	-8.31368
397.314	-8.08644
397.513	-7.87651
397.711	-7.6872
397.91	-7.52132
398.109	-7.38117
398.308	-7.2685
398.506	-7.18449
398.705	-7.12976
398.904	-7.10438
399.103	-7.10789
399.301	-7.13931
399.5	-7.1972
399.699	-7.27968
399.898	-7.38451
400.096	-7.50912
400.295	-7.65067
400.494	-7.80611
400.693	-7.97224
400.891	-8.14577
401.09	-8.32339
401.289	-8.50181
401.488	-8.67781
401.686	-8.84832
401.885	-9.01046
402.084	-9.16155
402.283	-9.29919
402.481	-9.42128
402.68	-9.52606
402.879	-9.6121
403.078	-9.67834
403.276	-9.72411
403.475	-9.74911
403.674	-9.75343
403.873	-9.73751
404.072	-9.70215
404.27	-9.64849
404.469	-9.57795
404.668	-9.49224
404.867	-9.39328
405.065	-9.2832
405.264	-9.16428
405.463	-9.03887
405.662	-8.9094
405.86	-8.77831
406.059	-8.64799
406.258	-8.52076
406.457	-8.3988
406.655	-8.28415
406.854	-8.17865
407.053	-8.08391
407.252	-8.00131
407.45	-7.93196
407.649	-7.87669
407.848	-7.83605
408.047	-7.81033
408.245	-7.79951
408.444	-7.80333
408.643	-7.82125
408.842	-7.8525
409.04	-7.89612
409.239	-7.95092
409.438	-8.01558
409.637	-8.08863
409.835	-8.16849
410.034	-8.25351
410.233	-8.34201
410.432	-8.43229
410.63	-8.52266
410.829	-8.61149
411.028	-8.69723
411.227	-8.7784
411.425	-8.85368
411.624	-8.92187
411.823	-8.98193
412.022	-9.03301
412.221	-9.07442
412.419	-9.10568
412.618	-9.12649
412.817	-9.13676
413.016	-9.13659
413.214	-9.12625
413.413	-9.1062
413.612	-9.07706
413.811	-9.03959
414.009	-8.99469
414.208	-8.94337
414.407	-8.88671
414.606	-8.82589
414.804	-8.76209
415.003	-8.69656
415.202	-8.63052
415.401	-8.56515
415.599	-8.50162
415.798	-8.44101
415.997	-8.38432
416.196	-8.33246
416.394	-8.28621
416.593	-8.24625
416.792	-8.2131
416.991	-8.18715
417.189	-8.16868
417.388	-8.15777
417.587	-8.15441
417.786	-8.15844
417.984	-8.16957
418.183	-8.18739
418.382	-8.21139
418.581	-8.24096
418.779	-8.2754
418.978	-8.31398
419.177	-8.35588
419.376	-8.40026
419.574	-8.44626
419.773	-8.49302
419.972	-8.5397
420.171	-8.58546
420.37	-8.62953
420.568	-8.67118
420.767	-8.70974
420.966	-8.74464
421.165	-8.77536
421.363	-8.80149
421.562	-8.8227
421.761	-8.83878
421.96	-8.8496
422.158	-8.85514
422.357	-8.85546
422.556	-8.85073
422.755	-8.84121
422.953	-8.82722
423.152	-8.80916
423.351	-8.78751
423.55	-8.76277
423.748	-8.73551
423.947	-8.70632
424.146	-8.6758
424.345	-8.64458
424.543	-8.61327
424.742	-8.58246
424.941	-8.55273
425.14	-8.52461
425.338	-8.49859
425.537	-8.47513
425.736	-8.4546
425.935	-8.43733
426.133	-8.42356
426.332	-8.41349
426.531	-8.40722
426.73	-8.40481
426.928	-8.40622
427.127	-8.41136
427.326	-8.42007
427.525	-8.43215
427.723	-8.44731
427.922	-8.46525
428.121	-8.48562
428.32	-8.50802
428.519	-8.53206
428.717	-8.55729
428.916	-8.5833
429.115	-8.60964
429.314	-8.63589
429.512	-8.66164
429.711	-8.6865
429.91	-8.71011
430.109	-8.73214
430.307	-8.75231
430.506	-8.77036
430.705	-8.78611
430.904	-8.7994
431.102	-8.81013
431.301	-8.81825
431.5	-8.82375
431.699	-8.82668
431.897	-8.82714
432.096	-8.82525
432.295	-8.8212
432.494	-8.81518
432.692	-8.80746
432.891	-8.79827
433.09	-8.78792
433.289	-8.7767
433.487	-8.76491
433.686	-8.75287
433.885	-8.74088
434.084	-8.72924
434.282	-8.71824
434.481	-8.70813
434.68	-8.69916
434.879	-8.69154
435.077	-8.68548
435.276	-8.68111
435.475	-8.67855
435.674	-8.67791
435.873	-8.67921
436.071	-8.68249
436.27	-8.68772
436.469	-8.69484
436.668	-8.70378
436.866	-8.71442
437.065	-8.72662
437.264	-8.74022
437.463	-8.75504
437.661	-8.77088
437.86	-8.78753
438.059	-8.80479
438.258	-8.82243
438.456	-8.84023
438.655	-8.85798
438.854	-8.87548
439.053	-8.89253
439.251	-8.90896
439.45	-8.92461
439.649	-8.93933
439.848	-8.953
440.046	-8.96554
440.245	-8.97686
440.444	-8.98693
440.643	-8.99572
440.841	-9.00324
441.04	-9.00951
441.239	-9.01458
441.438	-9.01853
441.636	-9.02145
441.835	-9.02344
442.034	-9.02463
442.233	-9.02515
442.431	-9.02515
442.63	-9.02478
442.829	-9.02418
443.028	-9.02353
443.226	-9.02296
443.425	-9.02263
443.624	-9.02268
443.823	-9.02324
444.022	-9.02443
444.22	-9.02635
444.419	-9.0291
444.618	-9.03275
444.817	-9.03735
445.015	-9.04295
445.214	-9.04957
445.413	-9.05721
445.612	-9.06586
445.81	-9.0755
446.009	-9.08607
446.208	-9.09752
446.407	-9.10977
446.605	-9.12274
446.804	-9.13634
447.003	-9.15047
447.202	-9.16503
447.4	-9.1799
447.599	-9.19498
447.798	-9.21015
447.997	-9.22532
448.195	-9.24037
448.394	-9.25522
448.593	-9.26976
448.792	-9.28394
448.99	-9.29767
449.189	-9.3109
449.388	-9.32358
449.587	-9.33569
449.785	-9.34719
449.984	-9.35808
450.183	-9.36836
450.382	-9.37805
450.58	-9.38718
450.779	-9.39579
450.978	-9.40391
451.177	-9.41162
451.375	-9.41896
451.574	-9.42602
451.773	-9.43285
451.972	-9.43955
452.171	-9.44618
452.369	-9.45283
452.568	-9.45957
452.767	-9.46647
452.966	-9.4736
453.164	-9.48104
453.363	-9.48883
453.562	-9.49704
453.761	-9.5057
453.959	-9.51485
454.158	-9.52452
454.357	-9.53473
454.556	-9.54548
454.754	-9.55678
454.953	-9.56862
455.152	-9.58098
455.351	-9.59385
455.549	-9.60718
455.748	-9.62094
455.947	-9.63509
456.146	-9.64958
456.344	-9.66436
456.543	-9.67937
456.742	-9.69457
456.941	-9.70989
457.139	-9.72529
457.338	-9.7407
457.537	-9.75608
457.736	-9.77138
457.934	-9.78656
458.133	-9.80157
458.332	-9.81638
458.531	-9.83097
458.729	-9.8453
458.928	-9.85938
459.127	-9.87318
459.326	-9.8867
459.525	-9.89995
459.723	-9.91293
459.922	-9.92567
460.121	-9.93817
460.32	-9.95047
460.518	-9.96259
460.717	-9.97457
460.916	-9.98643
461.115	-9.99823
461.313	-10.01
461.512	-10.0218
461.711	-10.0336
461.91	-10.0455
462.108	-10.0575
462.307	-10.0697
462.506	-10.082
462.705	-10.0946
462.903	-10.1074
463.102	-10.1205
463.301	-10.1339
463.5	-10.1476
463.698	-10.1616
463.897	-10.1758
464.096	-10.1904
464.295	-10.2053
464.493	-10.2205
464.692	-10.236
464.891	-10.2518
465.09	-10.2678
465.288	-10.284
465.487	-10.3004
465.686	-10.317
465.885	-10.3338
466.083	-10.3506
466.282	-10.3676
466.481	-10.3846
466.68	-10.4017
466.878	-10.4188
467.077	-10.4358
467.276	-10.4529
467.475	-10.4698
467.674	-10.4867
467.872	-10.5036
468.071	-10.5203
468.27	-10.5369
468.469	-10.5534
468.667	-10.5699
468.866	-10.5862
469.065	-10.6024
469.264	-10.6185
469.462	-10.6345
469.661	-10.6505
469.86	-10.6664
470.059	-10.6823
470.257	-10.6982
470.456	-10.714
470.655	-10.7299
470.854	-10.7459
471.052	-10.7618
471.251	-10.7779
471.45	-10.7941
471.649	-10.8104
471.847	-10.8268
472.046	-10.8434
472.245	-10.8601
472.444	-10.877
472.642	-10.8941
472.841	-10.9114
473.04	-10.9289
473.239	-10.9466
473.437	-10.9644
473.636	-10.9825
473.835	-11.0007
474.034	-11.0192
474.232	-11.0378
474.431	-11.0566
474.63	-11.0755
474.829	-11.0945
475.027	-11.1137
475.226	-11.133
475.425	-11.1524
475.624	-11.1719
475.823	-11.1915
476.021	-11.2111
476.22	-11.2308
476.419	-11.2505
476.618	-11.2702
476.816	-11.2899
477.015	-11.3096
